# Created by Octave 5.2.0, Thu Jan 28 17:43:54 2021 GMT <unknown@LAPTOP-HHT741NQ>
# name: data
# type: matrix
# rows: 1000
# columns: 4
 1 9058937 0.30161786079406738 12704
 2 9604075 0.15363192558288574 3210
 3 912959 0.01401209831237793 912958
 4 8540109 16.926456928253174 948892
 5 5385174 0.73499202728271484 38885
 6 2357115 2.826887845993042 157126
 7 9869953 0.37850713729858398 16968
 8 8161236 0.50629091262817383 24865
 9 7333444 0.1126410961151123 1443
 10 4119648 0.099574089050292969 2053
 11 311228 0.055932044982910156 2567
 12 550907 0.21089005470275879 11194
 13 5266579 0.25693798065185547 11730
 14 4432639 0.074810981750488281 210
 15 5462615 0.88790512084960938 47386
 16 2167866 0.096314191818237305 3631
 17 8766142 1.074819803237915 56769
 18 1747710 0.13761401176452637 6203
 19 564224 0.027906894683837891 320
 20 2221471 5.699470043182373 317346
 21 2362149 0.065994977951049805 1420
 22 1989706 17.693135023117065 994851
 23 6594228 0.10149693489074707 1208
 24 8004364 0.18413591384887695 6363
 25 9984837 0.2186579704284668 7804
 26 8653747 4.0232169628143311 211026
 27 468448 0.26046299934387207 14607
 28 8628677 0.054747104644775391 8628676
 29 88786 0.010895967483520508 225
 30 4236482 0.53220200538635254 28871
 31 3056722 0.52537107467651367 28731
 32 6151283 0.55017185211181641 28942
 33 6255869 0.14104819297790527 4532
 34 8927560 0.10924506187438965 162
 35 9561775 0.12782406806945801 1518
 36 1981055 0.24028801918029785 12626
 37 7728882 0.10505104064941406 641
 38 2878326 0.27849698066711426 14339
 39 8637494 0.71308517456054688 37993
 40 675809 0.52507495880126953 29360
 41 7557977 19.183512926101685 1079704
 42 3418425 0.30364513397216797 14968
 43 3201950 0.096944093704223633 2917
 44 1381589 0.048270940780639648 988
 45 896525 0.034373998641967773 412
 46 1170404 5.2480640411376953 292597
 47 1553657 3.9709391593933105 221944
 48 6268515 0.71748805046081543 37826
 49 2559619 0.023859977722167969 2559618
 50 5924590 0.11020183563232422 2163
 51 3645399 23.757510185241699 1215130
 52 5923438 0.090823888778686523 333
 53 8891658 0.52062106132507324 25657
 54 8262537 1.0031569004058838 46504
 55 4371555 5.3091709613800049 291422
 56 2602080 0.056928157806396484 108
 57 6520966 0.30441498756408691 14175
 58 4072128 0.070181846618652344 28
 59 4725758 42.590557098388672 2362877
 60 5740838 0.12613797187805176 3287
 61 3561799 0.030462980270385742 3561798
 62 4609877 1.1592099666595459 63076
 63 1918957 0.19192910194396973 9444
 64 389464 0.022416114807128906 165
 65 3492305 0.42870807647705078 22376
 66 956122 0.057823896408081055 2091
 67 745834 6.6373651027679443 372915
 68 3383101 0.029019832611083984 3383100
 69 2118212 0.0753631591796875 2369
 70 2105089 0.78337407112121582 42912
 71 5319641 0.95544099807739258 51544
 72 7372691 0.35278892517089844 16594
 73 6566732 0.14886999130249023 4669
 74 2421645 0.053574800491333008 188
 75 416328 0.022697925567626953 37
 76 6758647 0.41064119338989258 20214
 77 1435468 6.3727619647979736 358863
 78 7116753 6.064507007598877 338872
 79 3888531 7.7289209365844727 432050
 80 5023855 0.088345050811767578 1134
 81 9124920 0.11784100532531738 78
 82 1705620 0.044292926788330078 8
 83 2230060 0.056581974029541016 684
 84 5167644 0.086635112762451172 593
 85 6026107 0.043820858001708984 6026106
 86 3328501 0.073240995407104492 1164
 87 5113617 1.8243391513824463 100216
 88 9761653 15.871763944625854 887412
 89 7946558 73.32608699798584 3973277
 90 3359018 2.4638669490814209 129167
 91 8831872 0.2381749153137207 8961
 92 2347921 2.6515729427337646 138096
 93 2310919 3.4195499420166016 177750
 94 5680019 0.041408061981201172 5680018
 95 2187304 0.061967849731445312 822
 96 1945584 0.050129890441894531 42
 97 5806809 0.12568807601928711 2840
 98 3558548 0.15766406059265137 6157
 99 2883900 0.21087193489074707 9313
 100 8087400 0.1407921314239502 2693
 101 1555306 0.66373491287231445 33765
 102 1484701 0.017254829406738281 1484700
 103 4240797 2.4726259708404541 128476
 104 3960041 0.81966710090637207 38344
 105 8165661 0.15246009826660156 2500
 106 7275450 0.1157991886138916 65
 107 3287345 13.630424022674561 657464
 108 8799240 1.6133041381835938 73207
 109 2367929 0.02454686164855957 2367928
 110 8641894 0.39979696273803711 15525
 111 5999959 16.622215986251831 857130
 112 8445349 14.498038053512573 767748
 113 1967791 0.1291511058807373 5394
 114 5280407 0.35864114761352539 16234
 115 3793873 0.13287091255187988 4608
 116 9043616 0.1289980411529541 1115
 117 154165 0.060019969940185547 2748
 118 2671579 0.89257693290710449 45222
 119 8597296 10.03184700012207 537315
 120 6748596 0.10475683212280273 504
 121 9403756 1.0913150310516357 54501
 122 5645092 0.21250104904174805 8361
 123 2317035 0.44356393814086914 21962
 124 6666001 0.046180009841918945 6666000
 125 6165380 0.1030890941619873 928
 126 6436722 0.15858006477355957 4841
 127 3475563 0.079931974411010742 1322
 128 195520 0.016798973083496094 54
 129 7046243 0.14538908004760742 3778
 130 8274382 0.2690742015838623 10539
 131 572880 0.028908014297485352 26
 132 2989193 1.5792169570922852 80752
 133 2966372 14.031790018081665 741589
 134 2771721 6.5376439094543457 307960
 135 5901093 0.10769915580749512 1028
 136 1036095 1.4938201904296875 69058
 137 711160 0.033158063888549805 147
 138 3905985 5.5700478553771973 260384
 139 5478618 17.205651044845581 913097
 140 6680693 0.48516607284545898 22508
 141 2549412 0.084424018859863281 2251
 142 4564872 0.13144993782043457 3941
 143 7288298 71.194478988647461 3644147
 144 4632381 0.082450151443481445 340
 145 8623362 2.5293121337890625 130591
 146 2748472 6.6094999313354492 343551
 147 1509234 4.706449031829834 251533
 148 8032460 0.12302303314208984 1372
 149 8288761 12.230849981307983 637584
 150 3107293 8.9743678569793701 443892
 151 881755 0.051175117492675781 1638
 152 9734496 0.1207120418548584 295
 153 145768 0.015959024429321289 258
 154 4007330 0.17535805702209473 7031
 155 1777350 0.045911788940429688 119
 156 3279472 0.073464155197143555 879
 157 2865449 0.060029983520507812 440
 158 6734264 0.5884861946105957 28795
 159 255934 0.021538972854614258 345
 160 5355168 0.091337203979492188 268
 161 6796018 0.53780913352966309 25677
 162 7937653 0.54922890663146973 25212
 163 1867124 1.2961959838867188 66655
 164 9062946 0.11867094039916992 221
 165 6345025 4.8207221031188965 253776
 166 8005588 36.966723918914795 2001393
 167 4760483 0.96824789047241211 52222
 168 5243879 0.040392160415649414 5243878
 169 4405879 0.035712003707885742 4405878
 170 5763210 0.15297985076904297 5267
 171 9827491 0.24493503570556641 9150
 172 5427020 4.8752169609069824 271331
 173 7709099 4.794564962387085 265802
 174 9868594 91.259070873260498 4934295
 175 6213275 0.12482905387878418 2342
 176 7462953 0.11952614784240723 952
 177 6074973 0.11130809783935547 1252
 178 6890258 0.59089303016662598 26873
 179 3140782 0.8763890266418457 42369
 180 5325905 1.6676421165466309 81872
 181 7370067 0.11335301399230957 494
 182 3259564 0.075857877731323242 765
 183 8202167 8.5986599922180176 431674
 184 308139 0.14804601669311523 7862
 185 1436946 0.62523007392883301 34171
 186 7458439 0.38729190826416016 18390
 187 6982567 0.048516988754272461 6982566
 188 6716924 0.17740297317504883 6275
 189 9472891 0.18717384338378906 5850
 190 938124 0.03298497200012207 85
 191 9636645 0.30586719512939453 12964
 192 4968290 0.10135102272033691 2017
 193 1675486 0.95375514030456543 49245
 194 1683051 0.052516937255859375 586
 195 2101114 0.05757594108581543 495
 196 4541303 6.2387750148773193 349318
 197 815779 0.031295061111450195 222
 198 27772 0.0062100887298583984 81
 199 5113246 0.23117399215698242 9195
 200 5399141 0.92821192741394043 44500
 201 8494609 0.48090100288391113 21000
 202 3147894 0.067553043365478516 343
 203 2150200 0.05628514289855957 354
 204 4600715 2.5017991065979004 131414
 205 4984343 1.0114850997924805 54682
 206 2107328 0.052726030349731445 517
 207 4916620 0.14101696014404297 4857
